          30   Default_37                1.000   0.000   0.000   1.000
          31   Default_38                1.000   0.000   0.000   1.000
          32   Default_39                1.000   0.000   0.000   1.000
          33   Default_40                1.000   0.000   0.000   1.000
          34   Default_41                1.000   0.000   0.000   1.000
          35   Default_42                1.000   0.000   0.000   1.000
          61   Default_43                1.000   0.000   0.000   1.000
          62   Default_44                1.000   0.000   0.000   1.000
          64   Default_45                1.000   0.000   0.000   1.000
          65   Default_46                1.000   0.000   0.000   1.000
          66   Default_47                1.000   0.000   0.000   1.000
          67   Default_48                1.000   0.000   0.000   1.000
          68   Default_49                1.000   0.000   0.000   1.000
          69   Default_50                1.000   0.000   0.000   1.000
          70   Default_51                1.000   0.000   0.000   1.000
          71   Default_52                1.000   0.000   0.000   1.000
          72   Default_53                1.000   0.000   0.000   1.000
          76   Default_54                1.000   0.000   0.000   1.000
          87   Default_55                1.000   0.000   0.000   1.000
          88   Default_56                1.000   0.000   0.000   1.000
          90   Default_57                1.000   0.000   0.000   1.000
          93   Default_58                1.000   0.000   0.000   1.000
          94   Default_59                1.000   0.000   0.000   1.000
         118   Default_60                1.000   0.000   0.000   1.000
         119   Default_61                1.000   0.000   0.000   1.000
         120   Default_62                1.000   0.000   0.000   1.000
         126   Default_63                1.000   0.000   0.000   1.000
         130   Default_64                1.000   0.000   0.000   1.000
         131   Default_65                1.000   0.000   0.000   1.000
         132   Default_66                1.000   0.000   0.000   1.000
         134   Default_67                1.000   0.000   0.000   1.000
         150   Default_68                1.000   0.000   0.000   1.000
         151   Default_69                1.000   0.000   0.000   1.000
         155   Default_70                1.000   0.000   0.000   1.000
         161   Default_71                1.000   0.000   0.000   1.000
         162   Default_72                1.000   0.000   0.000   1.000
         164   Default_73                1.000   0.000   0.000   1.000
         165   Default_74                1.000   0.000   0.000   1.000
         176   Default_75                1.000   0.000   0.000   1.000
         177   Default_76                1.000   0.000   0.000   1.000
         210   Default                   1.000   0.000   0.000   1.000
         211   Default_1                 1.000   0.000   0.000   1.000
         212   Default_2                 1.000   0.000   0.000   1.000
         213   Default_3                 1.000   0.000   0.000   1.000
         214   Default_4                 1.000   0.000   0.000   1.000
         215   Default_5                 1.000   0.000   0.000   1.000
         241   Default_6                 1.000   0.000   0.000   1.000
         244   Default_7                 1.000   0.000   0.000   1.000
         245   Default_8                 1.000   0.000   0.000   1.000
         246   Default_9                 1.000   0.000   0.000   1.000
         247   Default_10                1.000   0.000   0.000   1.000
         248   Default_11                1.000   0.000   0.000   1.000
         249   Default_12                1.000   0.000   0.000   1.000
         250   Default_13                1.000   0.000   0.000   1.000
         251   Default_14                1.000   0.000   0.000   1.000
         252   Default_15                1.000   0.000   0.000   1.000
         256   Default_16                1.000   0.000   0.000   1.000
         267   Default_17                1.000   0.000   0.000   1.000
         268   Default_18                1.000   0.000   0.000   1.000
         270   Default_19                1.000   0.000   0.000   1.000
         274   Default_20                1.000   0.000   0.000   1.000
         298   Default_21                1.000   0.000   0.000   1.000
         299   Default_22                1.000   0.000   0.000   1.000
         300   Default_23                1.000   0.000   0.000   1.000
         306   Default_24                1.000   0.000   0.000   1.000
         308   Default_25                1.000   0.000   0.000   1.000
         310   Default_26                1.000   0.000   0.000   1.000
         311   Default_27                1.000   0.000   0.000   1.000
         312   Default_28                1.000   0.000   0.000   1.000
         314   Default_29                1.000   0.000   0.000   1.000 
         330   Default_30                1.000   0.000   0.000   1.000
         331   Default_31                1.000   0.000   0.000   1.000
         335   Default_32                1.000   0.000   0.000   1.000
         341   Default_33                1.000   0.000   0.000   1.000
         344   Default_34                1.000   0.000   0.000   1.000
         345   Default_35                1.000   0.000   0.000   1.000
         356   Default_36                1.000   0.000   0.000   1.000
         
        9010   Default-1                 1.000   0.000   0.000   1.000
        9020   Default-2                 1.000   0.000   0.000   1.000
        9030   Default-3                 1.000   0.000   0.000   1.000
        9040   Default-4                 1.000   0.000   0.000   1.000
        9050   Default-5                 1.000   0.000   0.000   1.000
        9060   Default-6                 1.000   0.000   0.000   1.000
        9070   Default-7                 1.000   0.000   0.000   1.000
        9080   Default-8                 1.000   0.000   0.000   1.000
        9090   Default-9                 1.000   0.000   0.000   1.000
        9100   Default-10                1.000   0.000   0.000   1.000
        9110   Default-11                1.000   0.000   0.000   1.000
        9120   Default-12                1.000   0.000   0.000   1.000
        9130   Default-13                1.000   0.000   0.000   1.000
        9140   Default-14                1.000   0.000   0.000   1.000
        9150   Default-15                1.000   0.000   0.000   1.000
        9160   Default-16                1.000   0.000   0.000   1.000
        9170   Default-17                1.000   0.000   0.000   1.000
        9180   Default-18                1.000   0.000   0.000   1.000
        9190   Default-19                1.000   0.000   0.000   1.000
        9200   Default-20                1.000   0.000   0.000   1.000
        9210   Default-21                1.000   0.000   0.000   1.000
        9220   Default-22                1.000   0.000   0.000   1.000
        9230   Default-23                1.000   0.000   0.000   1.000
        9240   Default-24                1.000   0.000   0.000   1.000
        9250   Default-25                1.000   0.000   0.000   1.000
        9260   Default-26                1.000   0.000   0.000   1.000
        9270   Default-27                1.000   0.000   0.000   1.000
        9280   Default-28                1.000   0.000   0.000   1.000
        9290   Default-29                1.000   0.000   0.000   1.000
        9300   Default-30                1.000   0.000   0.000   1.000
        9310   Default-31                1.000   0.000   0.000   1.000
        9320   Default-32                1.000   0.000   0.000   1.000